#setmod 17;
on modular;
 a:=mat((0, 1, 2, 3, 4, 5, 6),(1, 2, 3, 4, 5, 6, 7 ),(2, 3, 4, 5, 6, 7, 8 ),(3, 4, 5, 6, 7, 8, 9 ),(4, 5, 6, 7, 8, 9, 10 ),(5, 6, 7, 8, 9, 10, 11 ),(6, 7, 8, 9, 10, 11, 12 ));
b:=mat((0, 1, 2, 3, 4, 0, 1 ),(2, 3, 4, 0, 1, 2, 3 ),(4, 0, 1, 2, 3, 4, 0),(1, 2, 3, 4, 0, 1, 2 ),(3, 4, 0, 1, 2, 3, 4 ),(0, 1, 2, 3, 4, 0, 1 ),(2, 3, 4, 0, 1, 2, 3));
edin:=mat((1,0,0,0,0,0,0),(0,1,0,0,0,0,0),(0,0,1,0,0,0,0),(0,0,0,1,0,0,0),(0,0,0,0,1,0,0),(0,0,0,0,0,1,0),(0,0,0,0,0,0,1));
c:=a+b;
d:=-7a+4b;
f:=a*b;
g:=(4*b-3*edin)^2-2*a^2;
DET:=det(b);
DET:=det(b*a-edin);
